x	 y	 z	 vx	 vy	 vz	 [v]
-0.759908	 -0.305398	 -0.517925	 -0.009506	 -0.004538	 -0.002946	 0.013852
-0.820370	 -1.183936	 -0.520872	 0.012344	 -0.005603	 -0.002904	 0.013864
-0.808025	 -1.189539	 -0.523775	 0.012412	 -0.005506	 -0.002861	 0.013876
-0.795613	 -1.195045	 -0.526636	 0.012479	 -0.005408	 -0.002818	 0.013889
-0.783134	 -1.200453	 -0.529454	 0.012545	 -0.005309	 -0.002774	 0.013901
-0.770590	 -1.205762	 -0.532228	 0.012609	 -0.005209	 -0.002730	 0.013914
-0.757980	 -1.210971	 -0.534958	 0.012674	 -0.005109	 -0.002686	 0.013926
-0.745307	 -1.216080	 -0.537643	 0.012737	 -0.005008	 -0.002641	 0.013938
-0.732570	 -1.221088	 -0.540285	 0.012799	 -0.004906	 -0.002596	 0.013951
-0.719771	 -1.225994	 -0.542881	 0.012860	 -0.004804	 -0.002551	 0.013963
-0.706911	 -1.230798	 -0.545432	 0.012921	 -0.004701	 -0.002505	 0.013976
-0.693990	 -1.235500	 -0.547938	 0.012980	 -0.004598	 -0.002460	 0.013988
-0.681009	 -1.240097	 -0.550397	 0.013039	 -0.004493	 -0.002413	 0.014001
-0.667971	 -1.244591	 -0.552810	 0.013096	 -0.004388	 -0.002367	 0.014014
-0.654874	 -1.248979	 -0.555177	 0.013153	 -0.004283	 -0.002320	 0.014026
-0.641721	 -1.253262	 -0.557497	 0.013209	 -0.004177	 -0.002273	 0.014039
-0.628512	 -1.257439	 -0.559770	 0.013263	 -0.004070	 -0.002225	 0.014051
-0.615249	 -1.261509	 -0.561995	 0.013317	 -0.003963	 -0.002177	 0.014064
-0.601932	 -1.265471	 -0.564172	 0.013370	 -0.003855	 -0.002129	 0.014076
-0.588562	 -1.269326	 -0.566301	 0.013422	 -0.003746	 -0.002081	 0.014089
-0.575140	 -1.273072	 -0.568382	 0.013472	 -0.003637	 -0.002032	 0.014102
-0.561668	 -1.276708	 -0.570414	 0.013522	 -0.003527	 -0.001983	 0.014114
-0.548146	 -1.280235	 -0.572397	 0.013570	 -0.003416	 -0.001934	 0.014127
-0.534576	 -1.283652	 -0.574331	 0.013618	 -0.003305	 -0.001884	 0.014139
-0.520958	 -1.286957	 -0.576215	 0.013664	 -0.003194	 -0.001834	 0.014152
-0.507294	 -1.290151	 -0.578049	 0.013710	 -0.003082	 -0.001784	 0.014165
-0.493584	 -1.293233	 -0.579834	 0.013754	 -0.002969	 -0.001734	 0.014177
-0.479830	 -1.296202	 -0.581567	 0.013797	 -0.002856	 -0.001683	 0.014190
-0.466033	 -1.299058	 -0.583250	 0.013839	 -0.002742	 -0.001632	 0.014202
-0.452193	 -1.301800	 -0.584882	 0.013880	 -0.002628	 -0.001580	 0.014215
-0.438313	 -1.304428	 -0.586462	 0.013920	 -0.002513	 -0.001529	 0.014228
-0.424393	 -1.306941	 -0.587991	 0.013959	 -0.002398	 -0.001477	 0.014240
-0.410434	 -1.309339	 -0.589468	 0.013997	 -0.002282	 -0.001425	 0.014253
-0.396437	 -1.311621	 -0.590893	 0.014033	 -0.002166	 -0.001372	 0.014265
-0.382404	 -1.313786	 -0.592265	 0.014068	 -0.002049	 -0.001320	 0.014278
-0.368336	 -1.315835	 -0.593585	 0.014102	 -0.001931	 -0.001267	 0.014290
-0.354233	 -1.317766	 -0.594852	 0.014135	 -0.001814	 -0.001214	 0.014303
-0.340098	 -1.319580	 -0.596066	 0.014167	 -0.001695	 -0.001160	 0.014315
-0.325931	 -1.321275	 -0.597226	 0.014198	 -0.001577	 -0.001107	 0.014328
-0.311733	 -1.322852	 -0.598333	 0.014227	 -0.001458	 -0.001053	 0.014340
-0.297506	 -1.324310	 -0.599386	 0.014255	 -0.001338	 -0.000999	 0.014353
-0.283250	 -1.325648	 -0.600385	 0.014282	 -0.001218	 -0.000945	 0.014365
-0.268968	 -1.326866	 -0.601330	 0.014308	 -0.001098	 -0.000890	 0.014378
-0.254660	 -1.327964	 -0.602220	 0.014333	 -0.000977	 -0.000835	 0.014390
-0.240327	 -1.328941	 -0.603055	 0.014356	 -0.000856	 -0.000780	 0.014402
-0.225971	 -1.329797	 -0.603836	 0.014378	 -0.000734	 -0.000725	 0.014415
-0.211594	 -1.330531	 -0.604561	 0.014398	 -0.000612	 -0.000670	 0.014427
-0.197195	 -1.331144	 -0.605231	 0.014418	 -0.000490	 -0.000614	 0.014439
-0.182777	 -1.331634	 -0.605845	 0.014436	 -0.000367	 -0.000559	 0.014452
-0.168341	 -1.332001	 -0.606404	 0.014453	 -0.000245	 -0.000503	 0.014464
-0.153888	 -1.332246	 -0.606907	 0.014469	 -0.000121	 -0.000447	 0.014476
-0.139420	 -1.332367	 -0.607353	 0.014483	 0.000002	 -0.000390	 0.014488
-0.124937	 -1.332365	 -0.607744	 0.014496	 0.000126	 -0.000334	 0.014500
-0.110441	 -1.332238	 -0.608077	 0.014507	 0.000250	 -0.000277	 0.014512
-0.095934	 -1.331988	 -0.608355	 0.014518	 0.000375	 -0.000220	 0.014524
-0.081416	 -1.331613	 -0.608575	 0.014527	 0.000500	 -0.000163	 0.014536
-0.066889	 -1.331113	 -0.608738	 0.014534	 0.000625	 -0.000106	 0.014548
-0.052355	 -1.330489	 -0.608845	 0.014541	 0.000750	 -0.000049	 0.014560
-0.037814	 -1.329739	 -0.608894	 0.014546	 0.000875	 0.000008	 0.014572
-0.023269	 -1.328864	 -0.608885	 0.014549	 0.001001	 0.000066	 0.014584
-0.008719	 -1.327863	 -0.608819	 0.014551	 0.001127	 0.000124	 0.014595
0.005832	 -1.326736	 -0.608696	 0.014552	 0.001253	 0.000181	 0.014607
0.020384	 -1.325483	 -0.608514	 0.014552	 0.001379	 0.000239	 0.014619
0.034936	 -1.324104	 -0.608275	 0.014550	 0.001505	 0.000297	 0.014630
0.049486	 -1.322598	 -0.607977	 0.014546	 0.001632	 0.000355	 0.014642
0.064032	 -1.320966	 -0.607622	 0.014542	 0.001759	 0.000414	 0.014653
0.078574	 -1.319208	 -0.607208	 0.014535	 0.001885	 0.000472	 0.014665
0.093109	 -1.317322	 -0.606736	 0.014528	 0.002012	 0.000530	 0.014676
0.107637	 -1.315310	 -0.606206	 0.014519	 0.002139	 0.000589	 0.014688
0.122156	 -1.313171	 -0.605617	 0.014509	 0.002266	 0.000648	 0.014699
0.136664	 -1.310904	 -0.604969	 0.014497	 0.002394	 0.000706	 0.014710
0.151161	 -1.308511	 -0.604263	 0.014483	 0.002521	 0.000765	 0.014721
0.165645	 -1.305990	 -0.603498	 0.014469	 0.002648	 0.000824	 0.014732
0.180113	 -1.303342	 -0.602675	 0.014453	 0.002775	 0.000882	 0.014743
0.194566	 -1.300567	 -0.601792	 0.014435	 0.002902	 0.000941	 0.014754
0.209001	 -1.297664	 -0.600851	 0.014416	 0.003030	 0.001000	 0.014765
0.223417	 -1.294634	 -0.599851	 0.014396	 0.003157	 0.001059	 0.014776
0.237813	 -1.291478	 -0.598792	 0.014374	 0.003284	 0.001118	 0.014786
0.252186	 -1.288193	 -0.597674	 0.014350	 0.003411	 0.001177	 0.014797
0.266536	 -1.284782	 -0.596497	 0.014325	 0.003538	 0.001236	 0.014807
0.280862	 -1.281244	 -0.595261	 0.014299	 0.003665	 0.001295	 0.014818
0.295161	 -1.277579	 -0.593966	 0.014271	 0.003792	 0.001354	 0.014828
0.309432	 -1.273787	 -0.592613	 0.014242	 0.003919	 0.001413	 0.014839
0.323674	 -1.269868	 -0.591200	 0.014211	 0.004045	 0.001472	 0.014849
0.337885	 -1.265822	 -0.589729	 0.014179	 0.004172	 0.001530	 0.014859
0.352064	 -1.261650	 -0.588198	 0.014145	 0.004298	 0.001589	 0.014869
0.366209	 -1.257352	 -0.586609	 0.014110	 0.004424	 0.001648	 0.014879
0.380319	 -1.252928	 -0.584961	 0.014073	 0.004550	 0.001707	 0.014889
0.394392	 -1.248377	 -0.583254	 0.014035	 0.004676	 0.001765	 0.014899
0.408427	 -1.243701	 -0.581489	 0.013995	 0.004801	 0.001824	 0.014908
0.422423	 -1.238900	 -0.579664	 0.013954	 0.004927	 0.001883	 0.014918
0.436377	 -1.233973	 -0.577782	 0.013912	 0.005052	 0.001941	 0.014927
0.450289	 -1.228922	 -0.575841	 0.013868	 0.005176	 0.002000	 0.014937
0.464156	 -1.223745	 -0.573841	 0.013822	 0.005301	 0.002058	 0.014946
0.477978	 -1.218444	 -0.571783	 0.013775	 0.005425	 0.002116	 0.014955
0.491753	 -1.213020	 -0.569667	 0.013726	 0.005549	 0.002174	 0.014964
0.505480	 -1.207471	 -0.567493	 0.013676	 0.005672	 0.002232	 0.014973
0.519156	 -1.201799	 -0.565261	 0.013625	 0.005795	 0.002290	 0.014982
0.532781	 -1.196004	 -0.562971	 0.013572	 0.005918	 0.002348	 0.014991
0.546353	 -1.190086	 -0.560624	 0.013517	 0.006040	 0.002405	 0.015000
0.559871	 -1.184047	 -0.558219	 0.013462	 0.006162	 0.002462	 0.015008
0.573332	 -1.177885	 -0.555756	 0.013404	 0.006283	 0.002520	 0.015017
0.586737	 -1.171602	 -0.553236	 0.013345	 0.006404	 0.002577	 0.015025
0.600082	 -1.165197	 -0.550660	 0.013285	 0.006525	 0.002634	 0.015033
0.613367	 -1.158673	 -0.548026	 0.013223	 0.006645	 0.002690	 0.015041
0.626590	 -1.152028	 -0.545336	 0.013160	 0.006764	 0.002747	 0.015049
0.639750	 -1.145264	 -0.542589	 0.013095	 0.006883	 0.002803	 0.015057
0.652845	 -1.138381	 -0.539785	 0.013029	 0.007002	 0.002859	 0.015065
0.665874	 -1.131379	 -0.536926	 0.012961	 0.007120	 0.002915	 0.015073
0.678835	 -1.124260	 -0.534011	 0.012892	 0.007237	 0.002971	 0.015080
0.691728	 -1.117023	 -0.531040	 0.012822	 0.007354	 0.003026	 0.015088
0.704549	 -1.109669	 -0.528013	 0.012750	 0.007470	 0.003082	 0.015095
0.717299	 -1.102200	 -0.524932	 0.012677	 0.007585	 0.003137	 0.015102
0.729976	 -1.094614	 -0.521795	 0.012602	 0.007700	 0.003191	 0.015109
0.742577	 -1.086914	 -0.518604	 0.012526	 0.007814	 0.003246	 0.015116
0.755103	 -1.079100	 -0.515358	 0.012448	 0.007928	 0.003300	 0.015123
0.767551	 -1.071172	 -0.512058	 0.012369	 0.008041	 0.003354	 0.015129
0.779920	 -1.063131	 -0.508704	 0.012289	 0.008153	 0.003408	 0.015136
0.792209	 -1.054978	 -0.505297	 0.012207	 0.008264	 0.003461	 0.015142
0.804415	 -1.046713	 -0.501836	 0.012124	 0.008375	 0.003514	 0.015148
0.816539	 -1.038338	 -0.498322	 0.012039	 0.008485	 0.003567	 0.015155
0.828578	 -1.029853	 -0.494755	 0.011953	 0.008594	 0.003619	 0.015161
0.840532	 -1.021259	 -0.491136	 0.011866	 0.008703	 0.003671	 0.015166
0.852398	 -1.012556	 -0.487465	 0.011778	 0.008810	 0.003723	 0.015172
0.864175	 -1.003746	 -0.483742	 0.011688	 0.008917	 0.003774	 0.015178
0.875863	 -0.994828	 -0.479968	 0.011596	 0.009023	 0.003825	 0.015183
0.887459	 -0.985805	 -0.476143	 0.011504	 0.009128	 0.003876	 0.015188
0.898963	 -0.976677	 -0.472267	 0.011410	 0.009232	 0.003926	 0.015194
0.910374	 -0.967445	 -0.468341	 0.011315	 0.009336	 0.003976	 0.015199
0.921688	 -0.958109	 -0.464364	 0.011219	 0.009438	 0.004026	 0.015203
0.932907	 -0.948671	 -0.460339	 0.011121	 0.009540	 0.004075	 0.015208
0.944028	 -0.939131	 -0.456263	 0.011022	 0.009640	 0.004124	 0.015213
0.955050	 -0.929491	 -0.452140	 0.010922	 0.009740	 0.004172	 0.015217
0.965972	 -0.919751	 -0.447967	 0.010820	 0.009839	 0.004220	 0.015221
0.976792	 -0.909913	 -0.443747	 0.010718	 0.009936	 0.004268	 0.015226
0.987510	 -0.899976	 -0.439479	 0.010614	 0.010033	 0.004315	 0.015230
0.998124	 -0.889943	 -0.435164	 0.010509	 0.010129	 0.004362	 0.015233
1.008633	 -0.879814	 -0.430802	 0.010403	 0.010223	 0.004408	 0.015237
1.019036	 -0.869591	 -0.426394	 0.010295	 0.010317	 0.004454	 0.015241
1.029331	 -0.859274	 -0.421940	 0.010187	 0.010410	 0.004499	 0.015244
1.039518	 -0.848864	 -0.417441	 0.010077	 0.010501	 0.004544	 0.015247
1.049595	 -0.838363	 -0.412896	 0.009966	 0.010592	 0.004589	 0.015250
1.059562	 -0.827771	 -0.408307	 0.009854	 0.010681	 0.004633	 0.015253
1.069416	 -0.817090	 -0.403675	 0.009741	 0.010769	 0.004676	 0.015256
1.079158	 -0.806321	 -0.398998	 0.009627	 0.010857	 0.004719	 0.015259
1.088785	 -0.795464	 -0.394279	 0.009512	 0.010943	 0.004762	 0.015261
1.098298	 -0.784522	 -0.389517	 0.009396	 0.011027	 0.004804	 0.015263
1.107694	 -0.773494	 -0.384713	 0.009279	 0.011111	 0.004846	 0.015266
1.116973	 -0.762383	 -0.379867	 0.009161	 0.011194	 0.004887	 0.015268
1.126133	 -0.751189	 -0.374980	 0.009041	 0.011275	 0.004927	 0.015269
1.135175	 -0.739914	 -0.370053	 0.008921	 0.011355	 0.004967	 0.015271
1.144096	 -0.728558	 -0.365085	 0.008800	 0.011434	 0.005007	 0.015273
1.152895	 -0.717124	 -0.360078	 0.008678	 0.011512	 0.005046	 0.015274
1.161573	 -0.705612	 -0.355033	 0.008555	 0.011589	 0.005084	 0.015275
1.170128	 -0.694023	 -0.349948	 0.008431	 0.011664	 0.005122	 0.015276
1.178558	 -0.682359	 -0.344826	 0.008306	 0.011738	 0.005160	 0.015277
1.186864	 -0.670621	 -0.339667	 0.008180	 0.011811	 0.005196	 0.015278
1.195044	 -0.658810	 -0.334470	 0.008053	 0.011883	 0.005233	 0.015278
1.203097	 -0.646927	 -0.329238	 0.007926	 0.011953	 0.005268	 0.015279
1.211023	 -0.634974	 -0.323969	 0.007797	 0.012022	 0.005303	 0.015279
1.218820	 -0.622952	 -0.318666	 0.007668	 0.012090	 0.005338	 0.015279
1.226488	 -0.610863	 -0.313328	 0.007538	 0.012156	 0.005372	 0.015279
1.234027	 -0.598707	 -0.307956	 0.007408	 0.012221	 0.005405	 0.015279
1.241434	 -0.586485	 -0.302551	 0.007276	 0.012285	 0.005438	 0.015279
1.248711	 -0.574201	 -0.297112	 0.007144	 0.012347	 0.005470	 0.015278
1.255855	 -0.561853	 -0.291642	 0.007011	 0.012408	 0.005502	 0.015277
1.262866	 -0.549445	 -0.286140	 0.006877	 0.012468	 0.005533	 0.015276
1.269743	 -0.536977	 -0.280607	 0.006743	 0.012527	 0.005563	 0.015275
1.276486	 -0.524450	 -0.275044	 0.006608	 0.012584	 0.005593	 0.015274
1.283095	 -0.511866	 -0.269450	 0.006473	 0.012639	 0.005622	 0.015273
1.289567	 -0.499227	 -0.263828	 0.006337	 0.012694	 0.005651	 0.015271
1.295904	 -0.486533	 -0.258177	 0.006200	 0.012747	 0.005679	 0.015270
1.302104	 -0.473786	 -0.252498	 0.006062	 0.012798	 0.005706	 0.015268
1.308166	 -0.460988	 -0.246791	 0.005924	 0.012848	 0.005733	 0.015266
1.314090	 -0.448140	 -0.241058	 0.005786	 0.012897	 0.005759	 0.015264
1.319876	 -0.435242	 -0.235299	 0.005647	 0.012945	 0.005785	 0.015262
1.325523	 -0.422298	 -0.229514	 0.005508	 0.012991	 0.005810	 0.015259
1.331031	 -0.409307	 -0.223705	 0.005368	 0.013035	 0.005834	 0.015257
1.336399	 -0.396272	 -0.217871	 0.005227	 0.013078	 0.005857	 0.015254
1.341626	 -0.383194	 -0.212013	 0.005086	 0.013120	 0.005880	 0.015251
1.346712	 -0.370073	 -0.206133	 0.004945	 0.013160	 0.005903	 0.015248
1.351658	 -0.356913	 -0.200230	 0.004804	 0.013199	 0.005924	 0.015245
1.356461	 -0.343714	 -0.194306	 0.004662	 0.013237	 0.005945	 0.015241
1.361123	 -0.330477	 -0.188360	 0.004519	 0.013273	 0.005966	 0.015238
1.365642	 -0.317204	 -0.182395	 0.004377	 0.013308	 0.005986	 0.015234
1.370018	 -0.303896	 -0.176409	 0.004234	 0.013341	 0.006005	 0.015230
1.374252	 -0.290555	 -0.170404	 0.004090	 0.013373	 0.006023	 0.015226
1.378342	 -0.277183	 -0.164381	 0.003947	 0.013403	 0.006041	 0.015222
1.382289	 -0.263780	 -0.158340	 0.003803	 0.013432	 0.006058	 0.015218
1.386092	 -0.250348	 -0.152282	 0.003659	 0.013459	 0.006075	 0.015213
1.389750	 -0.236889	 -0.146208	 0.003515	 0.013485	 0.006090	 0.015209
1.393265	 -0.223403	 -0.140117	 0.003370	 0.013510	 0.006106	 0.015204
1.396635	 -0.209893	 -0.134011	 0.003226	 0.013533	 0.006120	 0.015199
1.399861	 -0.196360	 -0.127891	 0.003081	 0.013555	 0.006134	 0.015194
1.402941	 -0.182805	 -0.121757	 0.002936	 0.013575	 0.006147	 0.015189
1.405877	 -0.169230	 -0.115610	 0.002791	 0.013594	 0.006160	 0.015183
1.408668	 -0.155636	 -0.109450	 0.002646	 0.013612	 0.006172	 0.015178
1.411314	 -0.142024	 -0.103278	 0.002501	 0.013628	 0.006183	 0.015172
1.413815	 -0.128396	 -0.097095	 0.002356	 0.013642	 0.006194	 0.015166
1.416170	 -0.114754	 -0.090902	 0.002210	 0.013655	 0.006204	 0.015161
1.418380	 -0.101098	 -0.084698	 0.002065	 0.013667	 0.006213	 0.015155
1.420446	 -0.087431	 -0.078485	 0.001920	 0.013678	 0.006222	 0.015148
1.422365	 -0.073754	 -0.072263	 0.001775	 0.013687	 0.006230	 0.015142
1.424140	 -0.060067	 -0.066034	 0.001630	 0.013694	 0.006237	 0.015136
1.425770	 -0.046373	 -0.059796	 0.001485	 0.013700	 0.006244	 0.015129
1.427254	 -0.032673	 -0.053553	 0.001340	 0.013705	 0.006250	 0.015122
1.428594	 -0.018968	 -0.047303	 0.001195	 0.013708	 0.006255	 0.015115
1.429788	 -0.005260	 -0.041047	 0.001050	 0.013710	 0.006260	 0.015108
1.430838	 0.008450	 -0.034787	 0.000905	 0.013711	 0.006264	 0.015101
1.431744	 0.022161	 -0.028523	 0.000761	 0.013710	 0.006268	 0.015094
1.432505	 0.035871	 -0.022255	 0.000617	 0.013708	 0.006271	 0.015086
1.433122	 0.049578	 -0.015985	 0.000473	 0.013704	 0.006273	 0.015079
1.433594	 0.063282	 -0.009712	 0.000329	 0.013699	 0.006274	 0.015071
1.433923	 0.076981	 -0.003437	 0.000185	 0.013693	 0.006275	 0.015063
1.434109	 0.090674	 0.002838	 0.000042	 0.013685	 0.006276	 0.015055
1.434151	 0.104359	 0.009114	 -0.000101	 0.013676	 0.006276	 0.015047
1.434050	 0.118035	 0.015389	 -0.000244	 0.013666	 0.006275	 0.015039
1.433807	 0.131700	 0.021664	 -0.000386	 0.013654	 0.006273	 0.015031
1.433421	 0.145354	 0.027937	 -0.000528	 0.013641	 0.006271	 0.015022
1.432893	 0.158995	 0.034208	 -0.000670	 0.013626	 0.006268	 0.015014
1.432223	 0.172621	 0.040476	 -0.000811	 0.013611	 0.006265	 0.015005
1.431412	 0.186232	 0.046741	 -0.000952	 0.013594	 0.006261	 0.014996
1.430459	 0.199826	 0.053002	 -0.001093	 0.013575	 0.006256	 0.014988
1.429366	 0.213401	 0.059258	 -0.001233	 0.013556	 0.006251	 0.014979
1.428133	 0.226957	 0.065509	 -0.001373	 0.013535	 0.006245	 0.014969
1.426761	 0.240492	 0.071754	 -0.001512	 0.013513	 0.006239	 0.014960
1.425248	 0.254005	 0.077993	 -0.001651	 0.013489	 0.006232	 0.014951
1.423597	 0.267494	 0.084225	 -0.001789	 0.013465	 0.006224	 0.014941
1.421808	 0.280959	 0.090449	 -0.001927	 0.013439	 0.006216	 0.014932
1.419881	 0.294398	 0.096665	 -0.002065	 0.013412	 0.006207	 0.014922
1.417816	 0.307810	 0.102872	 -0.002202	 0.013383	 0.006198	 0.014912
1.415614	 0.321193	 0.109070	 -0.002338	 0.013354	 0.006188	 0.014902
1.413276	 0.334546	 0.115259	 -0.002474	 0.013323	 0.006178	 0.014892
1.410802	 0.347869	 0.121436	 -0.002609	 0.013291	 0.006167	 0.014882
1.408193	 0.361160	 0.127603	 -0.002744	 0.013258	 0.006155	 0.014872
1.405449	 0.374418	 0.133758	 -0.002878	 0.013223	 0.006143	 0.014862
1.402572	 0.387641	 0.139901	 -0.003011	 0.013188	 0.006130	 0.014851
1.399560	 0.400829	 0.146031	 -0.003144	 0.013151	 0.006117	 0.014841
1.396416	 0.413980	 0.152148	 -0.003276	 0.013113	 0.006103	 0.014830
1.393140	 0.427093	 0.158251	 -0.003408	 0.013074	 0.006089	 0.014820
1.389732	 0.440167	 0.164340	 -0.003539	 0.013034	 0.006074	 0.014809
1.386193	 0.453201	 0.170414	 -0.003669	 0.012993	 0.006059	 0.014798
1.382524	 0.466194	 0.176473	 -0.003799	 0.012950	 0.006043	 0.014787
1.378725	 0.479144	 0.182515	 -0.003928	 0.012907	 0.006026	 0.014776
1.374798	 0.492051	 0.188541	 -0.004056	 0.012862	 0.006009	 0.014765
1.370742	 0.504913	 0.194551	 -0.004183	 0.012817	 0.005992	 0.014754
1.366559	 0.517730	 0.200542	 -0.004310	 0.012770	 0.005974	 0.014742
1.362249	 0.530500	 0.206516	 -0.004436	 0.012722	 0.005955	 0.014731
1.357813	 0.543222	 0.212471	 -0.004561	 0.012674	 0.005936	 0.014719
1.353251	 0.555896	 0.218408	 -0.004686	 0.012624	 0.005917	 0.014708
1.348565	 0.568520	 0.224324	 -0.004809	 0.012573	 0.005897	 0.014696
1.343756	 0.581093	 0.230221	 -0.004932	 0.012521	 0.005876	 0.014685
1.338824	 0.593614	 0.236098	 -0.005055	 0.012468	 0.005855	 0.014673
1.333769	 0.606082	 0.241953	 -0.005176	 0.012414	 0.005834	 0.014661
1.328593	 0.618496	 0.247787	 -0.005297	 0.012360	 0.005812	 0.014649
1.323297	 0.630856	 0.253599	 -0.005416	 0.012304	 0.005790	 0.014637
1.317880	 0.643160	 0.259389	 -0.005535	 0.012247	 0.005767	 0.014625
1.312345	 0.655407	 0.265156	 -0.005653	 0.012190	 0.005744	 0.014613
1.306692	 0.667597	 0.270900	 -0.005771	 0.012131	 0.005720	 0.014601
1.300921	 0.679728	 0.276620	 -0.005887	 0.012072	 0.005696	 0.014588
1.295035	 0.691799	 0.282316	 -0.006002	 0.012011	 0.005671	 0.014576
1.289032	 0.703810	 0.287987	 -0.006117	 0.011950	 0.005646	 0.014564
1.282915	 0.715760	 0.293634	 -0.006231	 0.011888	 0.005621	 0.014551
1.276684	 0.727648	 0.299255	 -0.006344	 0.011825	 0.005595	 0.014539
1.270340	 0.739473	 0.304850	 -0.006456	 0.011761	 0.005569	 0.014526
1.263885	 0.751234	 0.310419	 -0.006567	 0.011696	 0.005542	 0.014514
1.257318	 0.762930	 0.315961	 -0.006677	 0.011631	 0.005515	 0.014501
1.250641	 0.774561	 0.321476	 -0.006786	 0.011564	 0.005488	 0.014488
1.243854	 0.786125	 0.326964	 -0.006895	 0.011497	 0.005460	 0.014475
1.236959	 0.797623	 0.332424	 -0.007002	 0.011429	 0.005432	 0.014463
1.229957	 0.809052	 0.337855	 -0.007109	 0.011361	 0.005403	 0.014450
1.222848	 0.820413	 0.343258	 -0.007214	 0.011291	 0.005374	 0.014437
1.215634	 0.831704	 0.348632	 -0.007319	 0.011221	 0.005345	 0.014424
1.208314	 0.842925	 0.353976	 -0.007423	 0.011150	 0.005315	 0.014411
1.200891	 0.854075	 0.359291	 -0.007526	 0.011078	 0.005285	 0.014398
1.193366	 0.865153	 0.364576	 -0.007628	 0.011006	 0.005254	 0.014385
1.185738	 0.876159	 0.369830	 -0.007728	 0.010933	 0.005223	 0.014371
1.178010	 0.887092	 0.375053	 -0.007828	 0.010859	 0.005192	 0.014358
1.170181	 0.897951	 0.380246	 -0.007927	 0.010784	 0.005161	 0.014345
1.162254	 0.908735	 0.385406	 -0.008025	 0.010709	 0.005129	 0.014332
1.154229	 0.919444	 0.390535	 -0.008122	 0.010633	 0.005097	 0.014318
1.146107	 0.930078	 0.395632	 -0.008218	 0.010557	 0.005064	 0.014305
1.137888	 0.940635	 0.400696	 -0.008313	 0.010480	 0.005031	 0.014292
1.129575	 0.951114	 0.405728	 -0.008407	 0.010402	 0.004998	 0.014278
1.121168	 0.961516	 0.410726	 -0.008500	 0.010324	 0.004965	 0.014265
1.112667	 0.971840	 0.415691	 -0.008593	 0.010245	 0.004931	 0.014251
1.104075	 0.982085	 0.420622	 -0.008684	 0.010165	 0.004897	 0.014238
1.095391	 0.992250	 0.425519	 -0.008774	 0.010085	 0.004863	 0.014224
1.086617	 1.002335	 0.430382	 -0.008863	 0.010004	 0.004828	 0.014211
1.077754	 1.012339	 0.435210	 -0.008951	 0.009923	 0.004793	 0.014197
1.068804	 1.022262	 0.440003	 -0.009038	 0.009841	 0.004758	 0.014184
1.059766	 1.032103	 0.444761	 -0.009124	 0.009759	 0.004723	 0.014170
1.050642	 1.041862	 0.449484	 -0.009209	 0.009676	 0.004687	 0.014156
1.041432	 1.051538	 0.454171	 -0.009293	 0.009593	 0.004651	 0.014143
1.032139	 1.061131	 0.458822	 -0.009376	 0.009509	 0.004615	 0.014129
1.022763	 1.070639	 0.463437	 -0.009458	 0.009424	 0.004578	 0.014115
1.013304	 1.080064	 0.468015	 -0.009539	 0.009340	 0.004542	 0.014102
1.003765	 1.089403	 0.472556	 -0.009619	 0.009254	 0.004505	 0.014088
0.994146	 1.098657	 0.477061	 -0.009698	 0.009168	 0.004467	 0.014074
0.984447	 1.107826	 0.481528	 -0.009776	 0.009082	 0.004430	 0.014060
0.974671	 1.116908	 0.485958	 -0.009853	 0.008996	 0.004392	 0.014047
0.964817	 1.125904	 0.490351	 -0.009929	 0.008909	 0.004354	 0.014033
0.954888	 1.134812	 0.494705	 -0.010004	 0.008821	 0.004316	 0.014019
0.944883	 1.143634	 0.499021	 -0.010078	 0.008733	 0.004278	 0.014005
0.934805	 1.152367	 0.503299	 -0.010151	 0.008645	 0.004240	 0.013991
0.924654	 1.161012	 0.507539	 -0.010223	 0.008556	 0.004201	 0.013977
0.914431	 1.169568	 0.511740	 -0.010294	 0.008467	 0.004162	 0.013964
0.904137	 1.178035	 0.515902	 -0.010364	 0.008378	 0.004123	 0.013950
0.893773	 1.186413	 0.520024	 -0.010433	 0.008288	 0.004083	 0.013936
0.883340	 1.194702	 0.524108	 -0.010501	 0.008198	 0.004044	 0.013922
0.872839	 1.202900	 0.528152	 -0.010567	 0.008108	 0.004004	 0.013908
0.862272	 1.211008	 0.532156	 -0.010633	 0.008017	 0.003965	 0.013895
0.851638	 1.219025	 0.536121	 -0.010698	 0.007926	 0.003925	 0.013881
0.840940	 1.226951	 0.540045	 -0.010762	 0.007835	 0.003884	 0.013867
0.830178	 1.234785	 0.543930	 -0.010825	 0.007743	 0.003844	 0.013853
0.819354	 1.242528	 0.547774	 -0.010887	 0.007651	 0.003804	 0.013839
0.808467	 1.250180	 0.551577	 -0.010947	 0.007559	 0.003763	 0.013825
0.797520	 1.257738	 0.555340	 -0.011007	 0.007467	 0.003722	 0.013812
0.786513	 1.265205	 0.559062	 -0.011066	 0.007374	 0.003681	 0.013798
0.775447	 1.272579	 0.562743	 -0.011124	 0.007281	 0.003640	 0.013784
0.764323	 1.279860	 0.566384	 -0.011180	 0.007188	 0.003599	 0.013770
0.753143	 1.287048	 0.569983	 -0.011236	 0.007094	 0.003558	 0.013756
0.741907	 1.294142	 0.573540	 -0.011291	 0.007001	 0.003516	 0.013743
0.730616	 1.301143	 0.577056	 -0.011345	 0.006907	 0.003475	 0.013729
0.719271	 1.308050	 0.580531	 -0.011398	 0.006813	 0.003433	 0.013715
0.707874	 1.314863	 0.583964	 -0.011449	 0.006719	 0.003391	 0.013701
0.696424	 1.321581	 0.587355	 -0.011500	 0.006624	 0.003349	 0.013688
0.684924	 1.328206	 0.590704	 -0.011550	 0.006530	 0.003307	 0.013674
0.673374	 1.334736	 0.594011	 -0.011599	 0.006435	 0.003265	 0.013660
0.661776	 1.341171	 0.597276	 -0.011647	 0.006340	 0.003223	 0.013647
0.650129	 1.347511	 0.600499	 -0.011694	 0.006245	 0.003180	 0.013633
0.638435	 1.353756	 0.603679	 -0.011739	 0.006150	 0.003138	 0.013619
0.626696	 1.359906	 0.606817	 -0.011784	 0.006055	 0.003096	 0.013606
0.614911	 1.365960	 0.609913	 -0.011828	 0.005959	 0.003053	 0.013592
0.603083	 1.371920	 0.612966	 -0.011871	 0.005864	 0.003010	 0.013578
0.591212	 1.377783	 0.615976	 -0.011913	 0.005768	 0.002968	 0.013565
0.579298	 1.383551	 0.618944	 -0.011955	 0.005672	 0.002925	 0.013551
0.567344	 1.389224	 0.621869	 -0.011995	 0.005577	 0.002882	 0.013538
0.555349	 1.394800	 0.624750	 -0.012034	 0.005481	 0.002839	 0.013524
0.543315	 1.400281	 0.627589	 -0.012072	 0.005385	 0.002796	 0.013511
0.531243	 1.405665	 0.630385	 -0.012109	 0.005289	 0.002753	 0.013498
0.519134	 1.410954	 0.633138	 -0.012146	 0.005192	 0.002710	 0.013484
0.506988	 1.416146	 0.635848	 -0.012181	 0.005096	 0.002667	 0.013471
0.494807	 1.421242	 0.638515	 -0.012215	 0.005000	 0.002623	 0.013457
0.482592	 1.426242	 0.641138	 -0.012249	 0.004904	 0.002580	 0.013444
0.470343	 1.431146	 0.643718	 -0.012282	 0.004807	 0.002537	 0.013431
0.458061	 1.435954	 0.646255	 -0.012313	 0.004711	 0.002494	 0.013417
0.445748	 1.440665	 0.648749	 -0.012344	 0.004615	 0.002450	 0.013404
0.433404	 1.445279	 0.651199	 -0.012374	 0.004518	 0.002407	 0.013391
0.421030	 1.449798	 0.653606	 -0.012403	 0.004422	 0.002363	 0.013378
0.408627	 1.454220	 0.655969	 -0.012431	 0.004326	 0.002320	 0.013365
0.396197	 1.458546	 0.658289	 -0.012458	 0.004229	 0.002277	 0.013352
0.383739	 1.462775	 0.660566	 -0.012484	 0.004133	 0.002233	 0.013339
0.371255	 1.466908	 0.662799	 -0.012509	 0.004037	 0.002190	 0.013325
0.358746	 1.470945	 0.664988	 -0.012534	 0.003940	 0.002146	 0.013312
0.346212	 1.474885	 0.667134	 -0.012557	 0.003844	 0.002103	 0.013299
0.333655	 1.478729	 0.669237	 -0.012580	 0.003748	 0.002059	 0.013287
0.321076	 1.482477	 0.671296	 -0.012601	 0.003652	 0.002015	 0.013274
0.308474	 1.486129	 0.673311	 -0.012622	 0.003556	 0.001972	 0.013261
0.295852	 1.489684	 0.675283	 -0.012642	 0.003460	 0.001928	 0.013248
0.283210	 1.493144	 0.677212	 -0.012661	 0.003364	 0.001885	 0.013235
0.270549	 1.496508	 0.679096	 -0.012679	 0.003268	 0.001841	 0.013222
0.257870	 1.499775	 0.680938	 -0.012697	 0.003172	 0.001798	 0.013210
0.245173	 1.502947	 0.682736	 -0.012713	 0.003076	 0.001754	 0.013197
0.232460	 1.506023	 0.684490	 -0.012729	 0.002980	 0.001711	 0.013184
0.219731	 1.509003	 0.686201	 -0.012743	 0.002885	 0.001667	 0.013172
0.206988	 1.511888	 0.687869	 -0.012757	 0.002789	 0.001624	 0.013159
0.194230	 1.514677	 0.689493	 -0.012770	 0.002694	 0.001581	 0.013147
0.181460	 1.517371	 0.691073	 -0.012783	 0.002599	 0.001537	 0.013134
0.168677	 1.519970	 0.692611	 -0.012794	 0.002503	 0.001494	 0.013122
0.155883	 1.522473	 0.694104	 -0.012805	 0.002408	 0.001451	 0.013110
0.143079	 1.524881	 0.695555	 -0.012814	 0.002313	 0.001407	 0.013097
0.130264	 1.527195	 0.696962	 -0.012823	 0.002219	 0.001364	 0.013085
0.117441	 1.529413	 0.698326	 -0.012831	 0.002124	 0.001321	 0.013073
0.104610	 1.531537	 0.699647	 -0.012839	 0.002029	 0.001278	 0.013061
0.091771	 1.533566	 0.700925	 -0.012845	 0.001935	 0.001235	 0.013048
0.078926	 1.535501	 0.702160	 -0.012851	 0.001841	 0.001192	 0.013036
0.066076	 1.537342	 0.703351	 -0.012855	 0.001747	 0.001148	 0.013024
0.053220	 1.539089	 0.704500	 -0.012860	 0.001653	 0.001106	 0.013012
0.040361	 1.540741	 0.705605	 -0.012863	 0.001559	 0.001063	 0.013000
0.027498	 1.542300	 0.706668	 -0.012865	 0.001465	 0.001020	 0.012988
0.014633	 1.543766	 0.707687	 -0.012867	 0.001372	 0.000977	 0.012977
0.001766	 1.545137	 0.708664	 -0.012868	 0.001279	 0.000934	 0.012965
-0.011102	 1.546416	 0.709599	 -0.012868	 0.001186	 0.000891	 0.012953
-0.023970	 1.547602	 0.710490	 -0.012867	 0.001093	 0.000849	 0.012941
-0.036837	 1.548694	 0.711339	 -0.012866	 0.001000	 0.000806	 0.012930
-0.049703	 1.549694	 0.712145	 -0.012864	 0.000907	 0.000764	 0.012918
-0.062566	 1.550601	 0.712909	 -0.012861	 0.000815	 0.000721	 0.012907
-0.075427	 1.551417	 0.713630	 -0.012857	 0.000723	 0.000679	 0.012895
-0.088284	 1.552139	 0.714309	 -0.012852	 0.000631	 0.000637	 0.012884
-0.101136	 1.552770	 0.714946	 -0.012847	 0.000539	 0.000595	 0.012872
-0.113984	 1.553310	 0.715540	 -0.012841	 0.000448	 0.000552	 0.012861
-0.126825	 1.553757	 0.716093	 -0.012835	 0.000357	 0.000510	 0.012850
-0.139659	 1.554114	 0.716603	 -0.012827	 0.000265	 0.000468	 0.012838
-0.152486	 1.554379	 0.717072	 -0.012819	 0.000175	 0.000426	 0.012827
-0.165305	 1.554554	 0.717498	 -0.012810	 0.000084	 0.000385	 0.012816
-0.178115	 1.554638	 0.717883	 -0.012800	 -0.000006	 0.000343	 0.012805
-0.190916	 1.554632	 0.718226	 -0.012790	 -0.000097	 0.000301	 0.012794
-0.203706	 1.554535	 0.718527	 -0.012779	 -0.000186	 0.000260	 0.012783
-0.216485	 1.554349	 0.718787	 -0.012767	 -0.000276	 0.000218	 0.012772
-0.229252	 1.554072	 0.719005	 -0.012755	 -0.000366	 0.000177	 0.012761
-0.242007	 1.553707	 0.719182	 -0.012742	 -0.000455	 0.000136	 0.012751
-0.254749	 1.553252	 0.719318	 -0.012728	 -0.000544	 0.000095	 0.012740
-0.267477	 1.552708	 0.719412	 -0.012713	 -0.000632	 0.000053	 0.012729
-0.280190	 1.552076	 0.719466	 -0.012698	 -0.000721	 0.000012	 0.012719
-0.292888	 1.551355	 0.719478	 -0.012682	 -0.000809	 -0.000028	 0.012708
-0.305570	 1.550546	 0.719450	 -0.012666	 -0.000897	 -0.000069	 0.012697
-0.318236	 1.549649	 0.719381	 -0.012648	 -0.000985	 -0.000110	 0.012687
-0.330884	 1.548665	 0.719271	 -0.012630	 -0.001072	 -0.000150	 0.012677
-0.343515	 1.547593	 0.719121	 -0.012612	 -0.001159	 -0.000191	 0.012666
-0.356126	 1.546434	 0.718930	 -0.012592	 -0.001246	 -0.000231	 0.012656
-0.368719	 1.545188	 0.718699	 -0.012573	 -0.001332	 -0.000271	 0.012646
-0.381291	 1.543855	 0.718427	 -0.012552	 -0.001419	 -0.000312	 0.012636
-0.393843	 1.542437	 0.718116	 -0.012531	 -0.001505	 -0.000352	 0.012626
-0.406374	 1.540932	 0.717764	 -0.012509	 -0.001590	 -0.000391	 0.012616
-0.418883	 1.539342	 0.717373	 -0.012486	 -0.001676	 -0.000431	 0.012606
-0.431369	 1.537666	 0.716942	 -0.012463	 -0.001761	 -0.000471	 0.012596
-0.443832	 1.535905	 0.716471	 -0.012439	 -0.001846	 -0.000510	 0.012586
-0.456272	 1.534060	 0.715960	 -0.012415	 -0.001930	 -0.000550	 0.012576
-0.468687	 1.532130	 0.715410	 -0.012390	 -0.002014	 -0.000589	 0.012566
-0.481076	 1.530115	 0.714821	 -0.012364	 -0.002098	 -0.000628	 0.012557
-0.493441	 1.528017	 0.714193	 -0.012338	 -0.002182	 -0.000667	 0.012547
-0.505779	 1.525835	 0.713526	 -0.012311	 -0.002265	 -0.000706	 0.012538
-0.518090	 1.523570	 0.712819	 -0.012284	 -0.002348	 -0.000745	 0.012528
-0.530373	 1.521221	 0.712074	 -0.012255	 -0.002431	 -0.000784	 0.012519
-0.542628	 1.518790	 0.711290	 -0.012227	 -0.002513	 -0.000822	 0.012509
-0.554855	 1.516277	 0.710468	 -0.012197	 -0.002595	 -0.000861	 0.012500
-0.567052	 1.513682	 0.709607	 -0.012167	 -0.002677	 -0.000899	 0.012491
-0.579220	 1.511005	 0.708708	 -0.012137	 -0.002759	 -0.000937	 0.012482
-0.591357	 1.508246	 0.707770	 -0.012106	 -0.002840	 -0.000975	 0.012473
-0.603463	 1.505406	 0.706795	 -0.012074	 -0.002920	 -0.001013	 0.012464
-0.615537	 1.502486	 0.705782	 -0.012042	 -0.003001	 -0.001051	 0.012455
-0.627579	 1.499485	 0.704731	 -0.012009	 -0.003081	 -0.001089	 0.012446
-0.639588	 1.496404	 0.703642	 -0.011976	 -0.003161	 -0.001126	 0.012437
-0.651564	 1.493243	 0.702516	 -0.011942	 -0.003240	 -0.001164	 0.012428
-0.663505	 1.490003	 0.701352	 -0.011907	 -0.003319	 -0.001201	 0.012419
-0.675412	 1.486684	 0.700152	 -0.011872	 -0.003398	 -0.001238	 0.012411
-0.687285	 1.483286	 0.698914	 -0.011837	 -0.003477	 -0.001275	 0.012402
-0.699121	 1.479809	 0.697639	 -0.011800	 -0.003555	 -0.001312	 0.012394
-0.710921	 1.476254	 0.696327	 -0.011764	 -0.003632	 -0.001348	 0.012385
-0.722685	 1.472622	 0.694979	 -0.011726	 -0.003710	 -0.001385	 0.012377
-0.734411	 1.468912	 0.693594	 -0.011688	 -0.003787	 -0.001421	 0.012369
-0.746100	 1.465125	 0.692173	 -0.011650	 -0.003864	 -0.001457	 0.012360
-0.757750	 1.461261	 0.690716	 -0.011611	 -0.003940	 -0.001493	 0.012352
-0.769361	 1.457321	 0.689223	 -0.011572	 -0.004016	 -0.001529	 0.012344
-0.780933	 1.453305	 0.687693	 -0.011532	 -0.004092	 -0.001565	 0.012336
-0.792465	 1.449214	 0.686128	 -0.011491	 -0.004167	 -0.001601	 0.012328
-0.803956	 1.445047	 0.684527	 -0.011450	 -0.004242	 -0.001636	 0.012320
-0.815407	 1.440805	 0.682891	 -0.011409	 -0.004317	 -0.001672	 0.012312
-0.826815	 1.436488	 0.681219	 -0.011367	 -0.004391	 -0.001707	 0.012304
-0.838182	 1.432097	 0.679513	 -0.011324	 -0.004465	 -0.001742	 0.012297
-0.849507	 1.427633	 0.677771	 -0.011281	 -0.004538	 -0.001777	 0.012289
-0.860788	 1.423095	 0.675994	 -0.011238	 -0.004611	 -0.001811	 0.012281
-0.872026	 1.418483	 0.674183	 -0.011194	 -0.004684	 -0.001846	 0.012274
-0.883220	 1.413799	 0.672337	 -0.011149	 -0.004757	 -0.001880	 0.012266
-0.894369	 1.409043	 0.670456	 -0.011104	 -0.004829	 -0.001915	 0.012259
-0.905473	 1.404214	 0.668542	 -0.011059	 -0.004900	 -0.001949	 0.012252
-0.916532	 1.399314	 0.666593	 -0.011013	 -0.004972	 -0.001983	 0.012245
-0.927545	 1.394342	 0.664610	 -0.010966	 -0.005042	 -0.002016	 0.012237
-0.938511	 1.389300	 0.662594	 -0.010919	 -0.005113	 -0.002050	 0.012230
-0.949431	 1.384187	 0.660544	 -0.010872	 -0.005183	 -0.002084	 0.012223
-0.960303	 1.379004	 0.658460	 -0.010824	 -0.005253	 -0.002117	 0.012216
-0.971127	 1.373751	 0.656343	 -0.010776	 -0.005322	 -0.002150	 0.012209
-0.981903	 1.368428	 0.654193	 -0.010727	 -0.005391	 -0.002183	 0.012203
-0.992630	 1.363037	 0.652010	 -0.010678	 -0.005460	 -0.002216	 0.012196
-1.003308	 1.357577	 0.649794	 -0.010628	 -0.005528	 -0.002248	 0.012189
-1.013936	 1.352049	 0.647546	 -0.010578	 -0.005596	 -0.002281	 0.012182
-1.024514	 1.346453	 0.645265	 -0.010527	 -0.005664	 -0.002313	 0.012176
-1.035041	 1.340789	 0.642951	 -0.010476	 -0.005731	 -0.002345	 0.012169
-1.045517	 1.335058	 0.640606	 -0.010425	 -0.005797	 -0.002377	 0.012163
-1.055942	 1.329261	 0.638228	 -0.010373	 -0.005864	 -0.002409	 0.012157
-1.066315	 1.323397	 0.635819	 -0.010320	 -0.005930	 -0.002441	 0.012150
-1.076635	 1.317467	 0.633378	 -0.010268	 -0.005995	 -0.002472	 0.012144
-1.086903	 1.311472	 0.630906	 -0.010214	 -0.006060	 -0.002504	 0.012138
-1.097117	 1.305411	 0.628402	 -0.010161	 -0.006125	 -0.002535	 0.012132
-1.107278	 1.299286	 0.625867	 -0.010107	 -0.006190	 -0.002566	 0.012126
-1.117384	 1.293097	 0.623301	 -0.010052	 -0.006254	 -0.002597	 0.012120
-1.127436	 1.286843	 0.620704	 -0.009997	 -0.006317	 -0.002627	 0.012114
-1.137434	 1.280526	 0.618077	 -0.009942	 -0.006380	 -0.002658	 0.012108
-1.147375	 1.274146	 0.615419	 -0.009886	 -0.006443	 -0.002688	 0.012103
-1.157261	 1.267703	 0.612731	 -0.009830	 -0.006505	 -0.002718	 0.012097
-1.167091	 1.261197	 0.610013	 -0.009773	 -0.006567	 -0.002748	 0.012091
-1.176865	 1.254630	 0.607265	 -0.009716	 -0.006629	 -0.002778	 0.012086
-1.186581	 1.248001	 0.604487	 -0.009659	 -0.006690	 -0.002808	 0.012080
-1.196240	 1.241311	 0.601679	 -0.009601	 -0.006751	 -0.002837	 0.012075
-1.205841	 1.234560	 0.598842	 -0.009543	 -0.006811	 -0.002866	 0.012070
-1.215384	 1.227749	 0.595976	 -0.009485	 -0.006871	 -0.002895	 0.012064
-1.224869	 1.220878	 0.593081	 -0.009426	 -0.006931	 -0.002924	 0.012059
-1.234294	 1.213947	 0.590157	 -0.009366	 -0.006990	 -0.002953	 0.012054
-1.243661	 1.206958	 0.587204	 -0.009307	 -0.007048	 -0.002981	 0.012049
-1.252967	 1.199909	 0.584222	 -0.009247	 -0.007107	 -0.003010	 0.012044
-1.262214	 1.192802	 0.581212	 -0.009186	 -0.007165	 -0.003038	 0.012039
-1.271400	 1.185638	 0.578174	 -0.009125	 -0.007222	 -0.003066	 0.012035
-1.280525	 1.178416	 0.575108	 -0.009064	 -0.007279	 -0.003094	 0.012030
-1.289589	 1.171136	 0.572015	 -0.009003	 -0.007336	 -0.003121	 0.012025
-1.298591	 1.163801	 0.568893	 -0.008941	 -0.007392	 -0.003149	 0.012021
-1.307532	 1.156409	 0.565744	 -0.008878	 -0.007448	 -0.003176	 0.012016
-1.316410	 1.148961	 0.562568	 -0.008816	 -0.007503	 -0.003203	 0.012012
-1.325226	 1.141458	 0.559365	 -0.008753	 -0.007558	 -0.003230	 0.012007
-1.333979	 1.133899	 0.556134	 -0.008689	 -0.007613	 -0.003257	 0.012003
-1.342668	 1.126287	 0.552877	 -0.008626	 -0.007667	 -0.003284	 0.011999
-1.351294	 1.118620	 0.549594	 -0.008562	 -0.007721	 -0.003310	 0.011994
-1.359856	 1.110899	 0.546284	 -0.008497	 -0.007774	 -0.003336	 0.011990
-1.368353	 1.103125	 0.542948	 -0.008433	 -0.007827	 -0.003362	 0.011986
-1.376786	 1.095299	 0.539586	 -0.008368	 -0.007879	 -0.003388	 0.011982
-1.385153	 1.087419	 0.536198	 -0.008302	 -0.007931	 -0.003413	 0.011978
-1.393456	 1.079488	 0.532785	 -0.008236	 -0.007983	 -0.003439	 0.011975
-1.401692	 1.071505	 0.529346	 -0.008170	 -0.008034	 -0.003464	 0.011971
-1.409863	 1.063471	 0.525881	 -0.008104	 -0.008085	 -0.003489	 0.011967
-1.417967	 1.055387	 0.522392	 -0.008037	 -0.008135	 -0.003514	 0.011964
-1.426004	 1.047252	 0.518878	 -0.007970	 -0.008185	 -0.003539	 0.011960
-1.433975	 1.039067	 0.515339	 -0.007903	 -0.008234	 -0.003563	 0.011957
-1.441878	 1.030833	 0.511776	 -0.007835	 -0.008283	 -0.003588	 0.011953
-1.449713	 1.022550	 0.508188	 -0.007767	 -0.008332	 -0.003612	 0.011950
-1.457480	 1.014218	 0.504577	 -0.007699	 -0.008380	 -0.003636	 0.011947
-1.465180	 1.005838	 0.500941	 -0.007631	 -0.008428	 -0.003659	 0.011943
-1.472810	 0.997410	 0.497282	 -0.007562	 -0.008475	 -0.003683	 0.011940
-1.480372	 0.988935	 0.493599	 -0.007493	 -0.008522	 -0.003706	 0.011937
-1.487865	 0.980413	 0.489892	 -0.007423	 -0.008568	 -0.003729	 0.011934
-1.495288	 0.971845	 0.486163	 -0.007353	 -0.008614	 -0.003752	 0.011931
-1.502641	 0.963230	 0.482411	 -0.007283	 -0.008660	 -0.003775	 0.011929
-1.509924	 0.954571	 0.478635	 -0.007213	 -0.008705	 -0.003798	 0.011926
-1.517137	 0.945866	 0.474838	 -0.007142	 -0.008750	 -0.003820	 0.011923
-1.524280	 0.937116	 0.471017	 -0.007071	 -0.008794	 -0.003842	 0.011921
-1.531351	 0.928322	 0.467175	 -0.007000	 -0.008838	 -0.003864	 0.011918
-1.538351	 0.919485	 0.463311	 -0.006929	 -0.008881	 -0.003886	 0.011916
-1.545280	 0.910604	 0.459424	 -0.006857	 -0.008924	 -0.003908	 0.011913
-1.552137	 0.901680	 0.455517	 -0.006785	 -0.008966	 -0.003929	 0.011911
-1.558922	 0.892714	 0.451587	 -0.006713	 -0.009008	 -0.003950	 0.011909
-1.565634	 0.883706	 0.447637	 -0.006640	 -0.009050	 -0.003971	 0.011906
-1.572274	 0.874656	 0.443665	 -0.006567	 -0.009091	 -0.003992	 0.011904
-1.578841	 0.865565	 0.439673	 -0.006494	 -0.009132	 -0.004013	 0.011902
-1.585335	 0.856433	 0.435660	 -0.006421	 -0.009172	 -0.004033	 0.011900
-1.591756	 0.847262	 0.431627	 -0.006347	 -0.009212	 -0.004054	 0.011898
-1.598103	 0.838050	 0.427573	 -0.006273	 -0.009251	 -0.004074	 0.011896
-1.604376	 0.828799	 0.423500	 -0.006199	 -0.009290	 -0.004093	 0.011895
-1.610575	 0.819509	 0.419406	 -0.006125	 -0.009328	 -0.004113	 0.011893
-1.616699	 0.810181	 0.415293	 -0.006050	 -0.009366	 -0.004133	 0.011891
-1.622749	 0.800815	 0.411160	 -0.005975	 -0.009404	 -0.004152	 0.011890
-1.628724	 0.791411	 0.407008	 -0.005900	 -0.009441	 -0.004171	 0.011888
-1.634624	 0.781970	 0.402838	 -0.005824	 -0.009478	 -0.004190	 0.011887
-1.640449	 0.772492	 0.398648	 -0.005749	 -0.009514	 -0.004208	 0.011886
-1.646197	 0.762979	 0.394440	 -0.005673	 -0.009549	 -0.004227	 0.011884
-1.651870	 0.753429	 0.390213	 -0.005597	 -0.009585	 -0.004245	 0.011883
-1.657467	 0.743845	 0.385968	 -0.005521	 -0.009619	 -0.004263	 0.011882
-1.662988	 0.734225	 0.381705	 -0.005444	 -0.009654	 -0.004281	 0.011881
-1.668432	 0.724571	 0.377424	 -0.005367	 -0.009688	 -0.004298	 0.011880
-1.673799	 0.714884	 0.373126	 -0.005290	 -0.009721	 -0.004316	 0.011879
-1.679089	 0.705162	 0.368810	 -0.005213	 -0.009754	 -0.004333	 0.011878
-1.684302	 0.695408	 0.364477	 -0.005135	 -0.009787	 -0.004350	 0.011878
-1.689438	 0.685622	 0.360126	 -0.005058	 -0.009819	 -0.004367	 0.011877
-1.694495	 0.675803	 0.355760	 -0.004980	 -0.009850	 -0.004384	 0.011876
-1.699475	 0.665952	 0.351376	 -0.004902	 -0.009882	 -0.004400	 0.011876
-1.704377	 0.656071	 0.346976	 -0.004824	 -0.009912	 -0.004416	 0.011875
-1.709201	 0.646159	 0.342560	 -0.004745	 -0.009942	 -0.004432	 0.011875
-1.713946	 0.636216	 0.338128	 -0.004666	 -0.009972	 -0.004448	 0.011874
-1.718612	 0.626244	 0.333680	 -0.004587	 -0.010001	 -0.004463	 0.011874
-1.723199	 0.616243	 0.329217	 -0.004508	 -0.010030	 -0.004479	 0.011874
-1.727708	 0.606212	 0.324738	 -0.004429	 -0.010059	 -0.004494	 0.011874
-1.732137	 0.596154	 0.320244	 -0.004349	 -0.010087	 -0.004509	 0.011874
-1.736486	 0.586067	 0.315735	 -0.004270	 -0.010114	 -0.004524	 0.011874
-1.740756	 0.575953	 0.311211	 -0.004190	 -0.010141	 -0.004538	 0.011874
-1.744946	 0.565812	 0.306673	 -0.004110	 -0.010167	 -0.004552	 0.011874
-1.749056	 0.555645	 0.302121	 -0.004030	 -0.010193	 -0.004567	 0.011874
-1.753085	 0.545451	 0.297554	 -0.003949	 -0.010219	 -0.004580	 0.011875
-1.757034	 0.535232	 0.292973	 -0.003868	 -0.010244	 -0.004594	 0.011875
-1.760903	 0.524988	 0.288379	 -0.003788	 -0.010269	 -0.004608	 0.011875
-1.764690	 0.514719	 0.283772	 -0.003707	 -0.010293	 -0.004621	 0.011876
-1.768397	 0.504426	 0.279151	 -0.003626	 -0.010317	 -0.004634	 0.011876
-1.772022	 0.494110	 0.274517	 -0.003544	 -0.010340	 -0.004647	 0.011877
-1.775567	 0.483770	 0.269870	 -0.003463	 -0.010362	 -0.004659	 0.011878
-1.779029	 0.473407	 0.265211	 -0.003381	 -0.010385	 -0.004672	 0.011879
-1.782410	 0.463023	 0.260539	 -0.003299	 -0.010407	 -0.004684	 0.011879
-1.785710	 0.452616	 0.255855	 -0.003217	 -0.010428	 -0.004696	 0.011880
-1.788927	 0.442188	 0.251159	 -0.003135	 -0.010449	 -0.004708	 0.011881
-1.792062	 0.431740	 0.246451	 -0.003053	 -0.010469	 -0.004719	 0.011882
-1.795115	 0.421271	 0.241732	 -0.002970	 -0.010489	 -0.004731	 0.011884
-1.798085	 0.410782	 0.237001	 -0.002888	 -0.010508	 -0.004742	 0.011885
-1.800973	 0.400274	 0.232259	 -0.002805	 -0.010527	 -0.004753	 0.011886
-1.803778	 0.389747	 0.227506	 -0.002722	 -0.010546	 -0.004763	 0.011887
-1.806500	 0.379201	 0.222743	 -0.002639	 -0.010563	 -0.004774	 0.011889
-1.809139	 0.368638	 0.217969	 -0.002556	 -0.010581	 -0.004784	 0.011890
-1.811695	 0.358057	 0.213185	 -0.002473	 -0.010598	 -0.004794	 0.011892
-1.814167	 0.347459	 0.208391	 -0.002389	 -0.010614	 -0.004804	 0.011893
-1.816557	 0.336845	 0.203587	 -0.002306	 -0.010630	 -0.004814	 0.011895
-1.818862	 0.326214	 0.198773	 -0.002222	 -0.010646	 -0.004823	 0.011897
-1.821084	 0.315568	 0.193950	 -0.002138	 -0.010661	 -0.004832	 0.011899
-1.823222	 0.304907	 0.189118	 -0.002054	 -0.010676	 -0.004841	 0.011900
-1.825276	 0.294232	 0.184277	 -0.001970	 -0.010690	 -0.004850	 0.011902
-1.827246	 0.283542	 0.179427	 -0.001886	 -0.010703	 -0.004858	 0.011904
-1.829132	 0.272839	 0.174569	 -0.001801	 -0.010716	 -0.004867	 0.011907
-1.830933	 0.262123	 0.169703	 -0.001717	 -0.010729	 -0.004875	 0.011909
-1.832650	 0.251394	 0.164828	 -0.001632	 -0.010741	 -0.004882	 0.011911
-1.834283	 0.240653	 0.159945	 -0.001548	 -0.010753	 -0.004890	 0.011913
-1.835831	 0.229900	 0.155055	 -0.001463	 -0.010764	 -0.004897	 0.011916
-1.837294	 0.219137	 0.150158	 -0.001378	 -0.010774	 -0.004905	 0.011918
-1.838672	 0.208362	 0.145253	 -0.001293	 -0.010784	 -0.004912	 0.011921
-1.839965	 0.197578	 0.140342	 -0.001208	 -0.010794	 -0.004918	 0.011923
-1.841173	 0.186784	 0.135423	 -0.001123	 -0.010803	 -0.004925	 0.011926
-1.842296	 0.175981	 0.130499	 -0.001038	 -0.010812	 -0.004931	 0.011928
-1.843333	 0.165169	 0.125567	 -0.000952	 -0.010820	 -0.004937	 0.011931
-1.844285	 0.154349	 0.120630	 -0.000867	 -0.010828	 -0.004943	 0.011934
-1.845152	 0.143521	 0.115687	 -0.000781	 -0.010835	 -0.004949	 0.011937
-1.845933	 0.132686	 0.110739	 -0.000696	 -0.010842	 -0.004954	 0.011940
-1.846629	 0.121845	 0.105785	 -0.000610	 -0.010848	 -0.004959	 0.011943
-1.847239	 0.110997	 0.100826	 -0.000524	 -0.010853	 -0.004964	 0.011946
-1.847763	 0.100144	 0.095862	 -0.000438	 -0.010859	 -0.004969	 0.011949
-1.848201	 0.089285	 0.090893	 -0.000352	 -0.010863	 -0.004973	 0.011953
-1.848553	 0.078422	 0.085920	 -0.000266	 -0.010867	 -0.004977	 0.011956
-1.848819	 0.067555	 0.080943	 -0.000180	 -0.010871	 -0.004981	 0.011959
-1.849000	 0.056684	 0.075961	 -0.000094	 -0.010874	 -0.004985	 0.011963
-1.849094	 0.045809	 0.070976	 -0.000008	 -0.010877	 -0.004989	 0.011966
-1.849101	 0.034933	 0.065988	 0.000079	 -0.010879	 -0.004992	 0.011970
-1.849023	 0.024054	 0.060996	 0.000165	 -0.010881	 -0.004995	 0.011973
-1.848858	 0.013173	 0.056001	 0.000251	 -0.010882	 -0.004998	 0.011977
-1.848607	 0.002292	 0.051003	 0.000338	 -0.010882	 -0.005001	 0.011981
-1.848269	 -0.008591	 0.046002	 0.000424	 -0.010882	 -0.005003	 0.011985
-1.847845	 -0.019473	 0.040999	 0.000511	 -0.010882	 -0.005005	 0.011989
-1.847334	 -0.030355	 0.035994	 0.000597	 -0.010881	 -0.005007	 0.011993
-1.846737	 -0.041236	 0.030987	 0.000684	 -0.010880	 -0.005009	 0.011997
-1.846053	 -0.052116	 0.025979	 0.000771	 -0.010878	 -0.005010	 0.012001
-1.845282	 -0.062993	 0.020968	 0.000857	 -0.010875	 -0.005011	 0.012005
-1.844425	 -0.073869	 0.015957	 0.000944	 -0.010872	 -0.005012	 0.012009
-1.843481	 -0.084741	 0.010945	 0.001031	 -0.010869	 -0.005013	 0.012014
-1.842450	 -0.095610	 0.005932	 0.001118	 -0.010865	 -0.005014	 0.012018
-1.841332	 -0.106475	 0.000918	 0.001204	 -0.010860	 -0.005014	 0.012022
-1.840128	 -0.117335	 -0.004096	 0.001291	 -0.010855	 -0.005014	 0.012027
-1.838837	 -0.128190	 -0.009110	 0.001378	 -0.010850	 -0.005014	 0.012031
-1.837458	 -0.139040	 -0.014123	 0.001465	 -0.010844	 -0.005013	 0.012036
-1.835993	 -0.149884	 -0.019137	 0.001552	 -0.010837	 -0.005013	 0.012041
-1.834442	 -0.160721	 -0.024149	 0.001639	 -0.010830	 -0.005012	 0.012045
-1.832803	 -0.171551	 -0.029161	 0.001726	 -0.010822	 -0.005011	 0.012050
-1.831077	 -0.182373	 -0.034172	 0.001813	 -0.010814	 -0.005009	 0.012055
-1.829264	 -0.193188	 -0.039181	 0.001900	 -0.010806	 -0.005008	 0.012060
-1.827365	 -0.203993	 -0.044188	 0.001986	 -0.010796	 -0.005006	 0.012065
-1.825378	 -0.214790	 -0.049194	 0.002073	 -0.010787	 -0.005004	 0.012070
-1.823305	 -0.225577	 -0.054198	 0.002160	 -0.010777	 -0.005001	 0.012075
-1.821145	 -0.236353	 -0.059199	 0.002247	 -0.010766	 -0.004999	 0.012081
-1.818897	 -0.247119	 -0.064198	 0.002334	 -0.010754	 -0.004996	 0.012086
-1.816563	 -0.257873	 -0.069194	 0.002421	 -0.010743	 -0.004993	 0.012091
-1.814142	 -0.268616	 -0.074186	 0.002508	 -0.010730	 -0.004989	 0.012096
-1.811635	 -0.279346	 -0.079176	 0.002595	 -0.010718	 -0.004986	 0.012102
-1.809040	 -0.290064	 -0.084162	 0.002681	 -0.010704	 -0.004982	 0.012107
-1.806359	 -0.300768	 -0.089144	 0.002768	 -0.010690	 -0.004978	 0.012113
-1.803590	 -0.311458	 -0.094122	 0.002855	 -0.010676	 -0.004974	 0.012119
-1.800735	 -0.322134	 -0.099096	 0.002942	 -0.010661	 -0.004969	 0.012124
-1.797794	 -0.332795	 -0.104065	 0.003028	 -0.010645	 -0.004965	 0.012130
-1.794766	 -0.343440	 -0.109030	 0.003115	 -0.010629	 -0.004960	 0.012136
-1.791651	 -0.354069	 -0.113989	 0.003201	 -0.010613	 -0.004954	 0.012142
-1.788449	 -0.364682	 -0.118943	 0.003288	 -0.010596	 -0.004949	 0.012148
-1.785161	 -0.375278	 -0.123892	 0.003374	 -0.010578	 -0.004943	 0.012154
-1.781787	 -0.385856	 -0.128835	 0.003461	 -0.010560	 -0.004937	 0.012160
-1.778326	 -0.396415	 -0.133772	 0.003547	 -0.010541	 -0.004931	 0.012166
-1.774778	 -0.406956	 -0.138703	 0.003634	 -0.010522	 -0.004924	 0.012172
-1.771145	 -0.417478	 -0.143627	 0.003720	 -0.010502	 -0.004918	 0.012178
-1.767425	 -0.427980	 -0.148545	 0.003806	 -0.010482	 -0.004911	 0.012185
-1.763619	 -0.438462	 -0.153455	 0.003892	 -0.010461	 -0.004903	 0.012191
-1.759727	 -0.448923	 -0.158359	 0.003978	 -0.010440	 -0.004896	 0.012197
-1.755749	 -0.459363	 -0.163254	 0.004064	 -0.010418	 -0.004888	 0.012204
-1.751685	 -0.469780	 -0.168143	 0.004150	 -0.010395	 -0.004880	 0.012211
-1.747535	 -0.480175	 -0.173023	 0.004236	 -0.010372	 -0.004872	 0.012217
-1.743299	 -0.490547	 -0.177895	 0.004321	 -0.010349	 -0.004863	 0.012224
-1.738977	 -0.500896	 -0.182758	 0.004407	 -0.010324	 -0.004855	 0.012230
-1.734570	 -0.511220	 -0.187613	 0.004493	 -0.010300	 -0.004846	 0.012237
-1.730078	 -0.521520	 -0.192458	 0.004578	 -0.010275	 -0.004836	 0.012244
-1.725500	 -0.531795	 -0.197295	 0.004663	 -0.010249	 -0.004827	 0.012251
-1.720836	 -0.542044	 -0.202121	 0.004749	 -0.010223	 -0.004817	 0.012258
-1.716088	 -0.552267	 -0.206939	 0.004834	 -0.010196	 -0.004807	 0.012265
-1.711254	 -0.562462	 -0.211746	 0.004919	 -0.010169	 -0.004797	 0.012272
-1.706335	 -0.572631	 -0.216543	 0.005004	 -0.010141	 -0.004786	 0.012279
-1.701332	 -0.582772	 -0.221329	 0.005088	 -0.010112	 -0.004776	 0.012286
-1.696244	 -0.592884	 -0.226105	 0.005173	 -0.010083	 -0.004765	 0.012294
-1.691071	 -0.602967	 -0.230870	 0.005257	 -0.010054	 -0.004753	 0.012301
-1.685813	 -0.613021	 -0.235623	 0.005342	 -0.010024	 -0.004742	 0.012308
-1.680471	 -0.623044	 -0.240365	 0.005426	 -0.009993	 -0.004730	 0.012316
-1.675045	 -0.633037	 -0.245095	 0.005510	 -0.009962	 -0.004718	 0.012323
-1.669535	 -0.642999	 -0.249813	 0.005594	 -0.009930	 -0.004706	 0.012331
-1.663941	 -0.652929	 -0.254519	 0.005678	 -0.009898	 -0.004693	 0.012338
-1.658263	 -0.662827	 -0.259212	 0.005762	 -0.009865	 -0.004680	 0.012346
-1.652502	 -0.672692	 -0.263893	 0.005845	 -0.009832	 -0.004667	 0.012354
-1.646657	 -0.682523	 -0.268560	 0.005928	 -0.009798	 -0.004654	 0.012361
-1.640728	 -0.692321	 -0.273214	 0.006012	 -0.009763	 -0.004641	 0.012369
-1.634717	 -0.702084	 -0.277855	 0.006095	 -0.009728	 -0.004627	 0.012377
-1.628622	 -0.711812	 -0.282481	 0.006177	 -0.009693	 -0.004613	 0.012385
-1.622444	 -0.721505	 -0.287094	 0.006260	 -0.009656	 -0.004598	 0.012393
-1.616184	 -0.731161	 -0.291692	 0.006343	 -0.009620	 -0.004584	 0.012401
-1.609841	 -0.740781	 -0.296276	 0.006425	 -0.009582	 -0.004569	 0.012409
-1.603416	 -0.750363	 -0.300845	 0.006507	 -0.009545	 -0.004554	 0.012417
