x	 y	 z	 vx	 vy	 vz	 [v]
0.050801	 -0.401164	 -0.219558	 0.022319	 0.004856	 0.000279	 0.022843
0.073120	 -0.396309	 -0.219278	 0.022164	 0.006074	 0.000946	 0.023001
0.095284	 -0.390235	 -0.218332	 0.021940	 0.007289	 0.001618	 0.023176
0.117225	 -0.382946	 -0.216714	 0.021645	 0.008497	 0.002294	 0.023366
0.138870	 -0.374449	 -0.214420	 0.021278	 0.009697	 0.002973	 0.023572
0.160148	 -0.364752	 -0.211447	 0.020837	 0.010887	 0.003655	 0.023792
0.180985	 -0.353865	 -0.207792	 0.020320	 0.012063	 0.004337	 0.024026
0.201305	 -0.341802	 -0.203455	 0.019726	 0.013224	 0.005018	 0.024273
0.221031	 -0.328578	 -0.198437	 0.019054	 0.014366	 0.005698	 0.024534
0.240085	 -0.314212	 -0.192739	 0.018302	 0.015484	 0.006373	 0.024806
0.258387	 -0.298728	 -0.186366	 0.017467	 0.016577	 0.007043	 0.025090
0.275854	 -0.282151	 -0.179322	 0.016549	 0.017638	 0.007706	 0.025384
0.292403	 -0.264513	 -0.171617	 0.015547	 0.018663	 0.008357	 0.025688
0.307949	 -0.245850	 -0.163260	 0.014458	 0.019648	 0.008996	 0.026000
0.322408	 -0.226202	 -0.154264	 0.013284	 0.020585	 0.009618	 0.026320
0.335692	 -0.205617	 -0.144645	 0.012023	 0.021470	 0.010222	 0.026646
0.347715	 -0.184147	 -0.134424	 0.010677	 0.022295	 0.010802	 0.026976
0.358392	 -0.161853	 -0.123622	 0.009245	 0.023053	 0.011355	 0.027310
0.367637	 -0.138800	 -0.112266	 0.007731	 0.023736	 0.011878	 0.027645
0.375368	 -0.115064	 -0.100389	 0.006137	 0.024338	 0.012364	 0.027980
0.381506	 -0.090725	 -0.088025	 0.004468	 0.024850	 0.012811	 0.028312
0.385974	 -0.065876	 -0.075214	 0.002729	 0.025263	 0.013212	 0.028640
0.388703	 -0.040612	 -0.062002	 0.000927	 0.025571	 0.013563	 0.028960
0.389630	 -0.015041	 -0.048439	 -0.000929	 0.025765	 0.013859	 0.029271
0.388701	 0.010724	 -0.034580	 -0.002830	 0.025838	 0.014095	 0.029569
0.385871	 0.036562	 -0.020484	 -0.004763	 0.025785	 0.014267	 0.029851
0.381108	 0.062347	 -0.006217	 -0.006716	 0.025600	 0.014371	 0.030116
0.374392	 0.087947	 0.008154	 -0.008674	 0.025280	 0.014403	 0.030360
0.365718	 0.113226	 0.022557	 -0.010620	 0.024822	 0.014361	 0.030580
0.355098	 0.138049	 0.036918	 -0.012539	 0.024228	 0.014242	 0.030775
0.342559	 0.162277	 0.051160	 -0.014412	 0.023500	 0.014048	 0.030940
0.328147	 0.185777	 0.065208	 -0.016224	 0.022642	 0.013777	 0.031075
0.311923	 0.208419	 0.078985	 -0.017957	 0.021661	 0.013433	 0.031178
0.293967	 0.230080	 0.092417	 -0.019595	 0.020566	 0.013018	 0.031247
0.274372	 0.250646	 0.105435	 -0.021124	 0.019369	 0.012537	 0.031282
0.253247	 0.270015	 0.117972	 -0.022533	 0.018082	 0.011996	 0.031283
0.230715	 0.288098	 0.129968	 -0.023811	 0.016720	 0.011401	 0.031249
0.206904	 0.304818	 0.141369	 -0.024950	 0.015297	 0.010759	 0.031181
0.181954	 0.320115	 0.152127	 -0.025947	 0.013829	 0.010078	 0.031081
0.156007	 0.333944	 0.162205	 -0.026798	 0.012331	 0.009366	 0.030950
0.129209	 0.346275	 0.171571	 -0.027505	 0.010818	 0.008631	 0.030790
0.101705	 0.357093	 0.180202	 -0.028070	 0.009303	 0.007880	 0.030604
0.073634	 0.366397	 0.188082	 -0.028498	 0.007800	 0.007122	 0.030393
0.045136	 0.374197	 0.195204	 -0.028796	 0.006320	 0.006362	 0.030160
0.016341	 0.380517	 0.201566	 -0.028970	 0.004872	 0.005607	 0.029907
-0.012630	 0.385388	 0.207172	 -0.029031	 0.003464	 0.004861	 0.029638
-0.041661	 0.388853	 0.212033	 -0.028986	 0.002105	 0.004130	 0.029355
-0.070647	 0.390958	 0.216164	 -0.028846	 0.000798	 0.003417	 0.029059
-0.099493	 0.391755	 0.219581	 -0.028620	 -0.000453	 0.002726	 0.028753
-0.128113	 0.391303	 0.222307	 -0.028318	 -0.001644	 0.002058	 0.028440
-0.156431	 0.389659	 0.224366	 -0.027948	 -0.002774	 0.001416	 0.028121
-0.184379	 0.386885	 0.225782	 -0.027519	 -0.003843	 0.000801	 0.027797
-0.211897	 0.383042	 0.226583	 -0.027039	 -0.004850	 0.000213	 0.027471
-0.238936	 0.378192	 0.226796	 -0.026515	 -0.005796	 -0.000347	 0.027143
-0.265451	 0.372396	 0.226449	 -0.025955	 -0.006683	 -0.000879	 0.026816
-0.291406	 0.365712	 0.225571	 -0.025364	 -0.007513	 -0.001383	 0.026489
-0.316769	 0.358199	 0.224188	 -0.024747	 -0.008286	 -0.001860	 0.026164
-0.341517	 0.349913	 0.222328	 -0.024111	 -0.009006	 -0.002310	 0.025841
-0.365628	 0.340908	 0.220018	 -0.023459	 -0.009674	 -0.002735	 0.025522
-0.389087	 0.331234	 0.217283	 -0.022795	 -0.010293	 -0.003134	 0.025207
-0.411882	 0.320941	 0.214149	 -0.022122	 -0.010866	 -0.003510	 0.024895
-0.434004	 0.310075	 0.210639	 -0.021444	 -0.011394	 -0.003863	 0.024588
-0.455448	 0.298682	 0.206776	 -0.020763	 -0.011880	 -0.004193	 0.024287
-0.476211	 0.286801	 0.202583	 -0.020082	 -0.012327	 -0.004502	 0.023990
-0.496293	 0.274474	 0.198081	 -0.019401	 -0.012737	 -0.004792	 0.023698
-0.515694	 0.261737	 0.193289	 -0.018724	 -0.013112	 -0.005062	 0.023412
-0.534418	 0.248625	 0.188226	 -0.018051	 -0.013453	 -0.005315	 0.023132
-0.552468	 0.235171	 0.182912	 -0.017383	 -0.013764	 -0.005550	 0.022856
-0.569851	 0.221407	 0.177362	 -0.016722	 -0.014045	 -0.005769	 0.022587
-0.586573	 0.207362	 0.171593	 -0.016068	 -0.014299	 -0.005972	 0.022323
-0.602642	 0.193062	 0.165621	 -0.015422	 -0.014528	 -0.006161	 0.022065
-0.618064	 0.178535	 0.159460	 -0.014785	 -0.014732	 -0.006336	 0.021812
-0.632849	 0.163803	 0.153124	 -0.014157	 -0.014913	 -0.006498	 0.021565
-0.647007	 0.148889	 0.146626	 -0.013538	 -0.015073	 -0.006648	 0.021324
-0.660545	 0.133816	 0.139978	 -0.012929	 -0.015214	 -0.006786	 0.021087
-0.673474	 0.118602	 0.133192	 -0.012330	 -0.015335	 -0.006913	 0.020856
-0.685804	 0.103267	 0.126279	 -0.011741	 -0.015439	 -0.007029	 0.020630
-0.697545	 0.087828	 0.119250	 -0.011161	 -0.015526	 -0.007136	 0.020410
-0.708706	 0.072302	 0.112114	 -0.010592	 -0.015598	 -0.007233	 0.020194
-0.719298	 0.056705	 0.104880	 -0.010033	 -0.015655	 -0.007322	 0.019984
-0.729331	 0.041050	 0.097558	 -0.009484	 -0.015698	 -0.007402	 0.019778
-0.738814	 0.025352	 0.090157	 -0.008944	 -0.015728	 -0.007474	 0.019577
-0.747759	 0.009623	 0.082682	 -0.008415	 -0.015747	 -0.007539	 0.019380
-0.756174	 -0.006123	 0.075144	 -0.007896	 -0.015753	 -0.007596	 0.019189
-0.764070	 -0.021877	 0.067548	 -0.007386	 -0.015749	 -0.007647	 0.019002
-0.771455	 -0.037626	 0.059901	 -0.006885	 -0.015735	 -0.007691	 0.018819
-0.778341	 -0.053361	 0.052210	 -0.006394	 -0.015711	 -0.007729	 0.018640
-0.784735	 -0.069072	 0.044480	 -0.005912	 -0.015678	 -0.007762	 0.018466
